7.17765
2.06339
0.809611
2.68417
0.342522
1.9553
3.92169
1.50615
1.74368
1.65453
3.76385
0.522792
3.09479
4.50409
2.43758
6.73529
6.81565
4.40503
4.41968
3.69972
2.17651
0.923497
1.32622
0.972493
3.40548
10.3809
0.14942
1.69659
3.68331
2.37068
1.08725
1.71373
0.709255
4.15049
1.78188
3.26069
0.866444
0.654055
0.171701
0.726703
4.10115
0.333952
2.30389
0.579765
1.05586
2.58745
7.19624
2.59714
4.92556
9.56121
4.22761
2.71675
2.12233
1.35292
0.772418
1.35481
3.42176
7.4459
1.46028
1.97014
0.276401
6.18654
6.25866
1.88169
2.41264
6.48359
1.91577
2.9352
3.24765
10.0965
3.18267
5.56938
2.28462
1.31557
0.290729
1.9255
1.91706
2.58004
0.897149
1.04927
4.07087
5.76727
0.993881
1.79243
1.55063
4.63934
0.185115
3.55834
0.213977
0.447187
2.83481
1.99001
1.74891
4.72082
1.44428
1.38309
6.97782
3.45094
2.38191
2.97193
2.24562
4.92231
0.895493
2.34322
0.894919
2.21929
1.98718
3.06239
0.833845
1.24627
3.70033
3.71836
2.62148
2.32273
2.01223
1.69665
0.493787
2.48006
1.83039
2.6585
5.52945
5.06174
1.9387
3.91478
3.31798
1.93533
0.421873
1.92802
1.398
3.98822
0.579732
0.290495
3.72141
0.308841
1.20876
5.33376
5.90879
3.76823
5.18064
2.95811
3.60011
2.92161
0.912263
0.339687
4.52017
0.438706
0.426187
2.43698
3.7967
0.299242
6.074
0.918536
7.06121
0.991692
1.76484
1.22934
1.72636
1.69694
2.70724
1.52522
2.7468
3.3053
3.0378
0.298209
4.59805
2.12647
2.30402
5.09097
8.05154
1.68578
0.601475
1.71254
3.93738
1.02425
4.86632
1.5301
2.45967
1.916
6.35583
2.09541
0.849823
3.10138
2.12285
0.954918
1.92808
3.44793
0.30056
1.84033
1.27653
6.08804
0.123315
11.4544
3.27055
0.208977
1.68469
1.21762
2.01548
1.65821
5.19905
2.24563
2.74687
1.78734
6.73406
8.14257
0.398395
0.540793
3.17446
2.10886
1.1347
0.604438
9.03132
2.3197
0.848104
3.07634
4.90814
1.61934
5.49658
1.71205
2.65775
5.65586
1.53961
5.80493
4.77585
1.39153
0.933935
4.59669
1.72752
5.8845
2.93094
0.433526
0.0623998
0.523005
0.270358
7.59631
6.71123
0.582192
1.68598
0.274678
1.19777
0.37767
2.70688
9.74859
0.24399
6.91699
4.02336
2.6351
6.53481
1.32353
1.80521
3.00402
